15041900
07041901
30031902
12041903
03041904
23041905
15041906
31031907
19041908
11041909
27031910
16041911
07041912
23031913
12041914
04041915
23041916
08041917
31031918
20041919
04041920
27031921
16041922
01041923
20041924
12041925
04041926
17041927
08041928
31031929
20041930
05041931
27031932
16041933
01041934
21041935
12041936
28031937
17041938
09041939
24031940
13041941
05041942
25041943
09041944
01041945
21041946
06041947
28031948
17041949
09041950
25031951
13041952
05041953
18041954
10041955
01041956
21041957
06041958
29031959
17041960
02041961
22041962
14041963
29031964
18041965
10041966
26031967
14041968
06041969
29031970
11041971
02041972
22041973
14041974
30031975
18041976
10041977
26031978
15041979
06041980
19041981
11041982
03041983
22041984
07041985
30031986
19041987
03041988
26031989
15041990
31031991
19041992
11041993
03041994
16041995
07041996
30031997
12041998
04041999
23042000
15042001
31032002
20042003
11042004
27032005
16042006
08042007
23032008
12042009
04042010
24042011
08042012
31032013
20042014
05042015
27032016
16042017
01042018
21042019
12042020
04042021
17042022
09042023
31032024
20042025
05042026
28032027
16042028
01042029
21042030
13042031
28032032
17042033
09042034
25032035
13042036
05042037
25042038
10042039
01042040
21042041
06042042
29032043
17042044
09042045
25032046
14042047
05042048
18042049
10042050
02042051
21042052
06042053
29032054
18042055
02042056
22042057
14042058
30032059
18042060
10042061
26032062
15042063
06042064
29032065
11042066
03042067
22042068
14042069
30032070
19042071
10042072
26032073
15042074
07042075
19042076
11042077
03042078
23042079
07042080
30032081
19042082
04042083
26032084
15042085
31032086
20042087
11042088
03042089
16042090
08042091
30032092
12042093
04042094
24042095
15042096
31032097
20042098
12042099
